0159
9176
5326
8419
8672
6274
9315
3872
5734
5376
4879
7084
8215
0564
0153
7860
7285
1506
2135
7165
8476
2504
3782
2163
5137
8624
9021
3547
6351
8709
2167
8751
8041
8349
2049
3704
1830
1264
7021
7186
7530
1740
5401
4625
6128
2605
0365
6527
3462
3508
0987
1824
8143
1374
4089
1904
5267
2970
8694
7156
6803
2458
5370
4960
4731
9613
2056
7105
8497
4653
4017
8013
0529
2084
7695
8135
6854
8134
3098
0854
4835
0632
0789
9826
6724
1790
6317
1276
3865
1293
4359
2704
6581
3829
9215
2067
7401
2178
8973
1249
5316
1578
0635
8724
1357
8714
5128
7341
8016
9432
0945
2841
9483
6839
9208
2091
2407
3017
9542
0817
4702
7645
7814
9157
6794
1367
3948
6187
8719
4302
9038
7504
8432
2198
7918
4059
8507
4178
2185
4891
8167
1530
3247
9754
4239
0268
9435
2375
9053
0185
9620
1024
9761
7586
2768
2150
9812
1928
8975
8302
1392
9843
5384
1045
1305
3520
6739
0917
0826
5967
5419
5648
0724
2843
1792
8641
2687
2695
0758
7154
1746
8027
9360
4058
7420
0832
5432
2105
6354
9621
4195
6247
4871
3168
9127
8396
9428
9708
1860
8530
2390
7650
2186
8149
4285
4062
6721
6081
3289
1204
5691
3618
2560
6710
5683
7094
4892
1372
8512
4986
3467
8035
4602
8423
8560
1567
2457
5829
2974
9673
5836
2145
9468
0896
6239
5207
8621
8236
1875
6180
8951
8746
3427
5904
0912
1527
3079
2583
6480
3942
2301
4169
1063
7910
4729
3907
8574
5067
4650
4028
1436
0428
7345
2368
4560
3257
9748
7481
7532
2307
8340
0984
9385
5164
5761
9042
1483
0751
4793
9476
7056
2613
5392
0947
7350
9873
3571
3608
4562
2061
8341
8741
6598
2703
3418
6853
5096
1457
9637
9513
8431
8739
6185
2438
7865
2136
1956
4082
2934
9371
0562
3841
7830
4632
0315
3802
0125
3619
4061
0697
7642
0513
6140
8915
1042
4319
0692
9578
1456
7095
5108
3416
1572
0248
9710
6043
9258
4170
9764
1386
3960
1389
2684
9317
3192
9105
5673
4072
8105
4856
1248
5129
5264
4982
6324
7309
1809
7542
1058
4753
9407
5742
8924
5871
6751
7258
2954
7280
1742
3217
5801
0163
4538
5209
0967
2870
2658
4396
5826
8094
9327
7018
7239
0792
9071
3670
0483
9572
0769
2608
9452
7315
7539
7235
8206
1794
5934
6534
2749
0271
9512
7390
7316
2951
7625
0167
1230
2715
3215
6314
3916
9372
6835
8579
8901
3792
5964
7219
1983
7419
2946
5987
1209
8936
3012
0958
7461
2139
0845
3497
8351
0624
3194
2986
4012
3146
8417
3810
6401
8605
8921
9482
2957
7629
7839
8429
6872
2396
8549
3510
9307
0467
9523
7139
5769
4827
4580
4692
5123
6438
7845
6098
2683
7820
0815
2895
5049
7035
2746
4329
4830
2913
1938
8273
4508
9430
5062
0368
5972
3951
4298
4621
7210
1349
0716
9152
2810
9863
8614
9847
7391
0287
0231
0187
4803
6431
3894
3154
3750
1604
1695
3769
5624
7491
9048
3749
2697
2369
0743
1385
7043
6931
2305
8310
2465
4719
6378
7693
5870
7081
3897
1705
3465
1960
5360
5301
8904
4365
4305
9250
1962
9204
1094
8470
1680
0364
0437
8920
3268
0642
3014
1087
6705
8342
4968
2173
8012
5039
5961
2940
5789
3425
2956
3420
3982
8361
0147
0258
9180
1750
1364
2910
6847
7083
2043
3971
3709
0563
0534
0278
9085
0634
7503
7182
8415
1958
6254
4936
2839
2614
2860
2018
3267
9052
0479
0847
7564
9854
6049
5132
6249
6025
1658
7062
3725
8639
7498
6320
0591
7386
4587
2708
4263
7952
3918
5406
3961
5026
0613
0813
6592
3794
9365
6871
6304
1346
8475
5073
6297
4032
3610
3150
1027
9672
8201
6820
9216
2861
4351
2340
7913
7935
2783
1895
6957
0654
8365
5816
3856
9650
1409
0859
8745
0297
7321
7945
4756
2095
4052
3974
9062
9214
0875
1369
5741
0829
5690
0148
5127
1306
9462
1359
4219
6395
9517
2479
6208
7836
5983
4832
0861
7806
8160
9387
7159
2780
3912
3958
4238
2087
7312
1263
7681
1820
1290
5031
3514
6408
7028
7169
2735
8793
3945
3861
6805
7624
6271
3914
6348
4531
5482
0584
2673
9532
3742
5409
5142
1379
2574
6928
2310
8546
7825
7150
1295
1463
9762
8567
3972
5102
1576
5017
4280
7486
6485
0569
8576
5094
0172
7463
7054
9470
2481
0793
5902
9845
0931
6241
8450
1768
4106
3579
2469
6285
3849
1967
2630
8260
6278
3962
9364
8907
3705
0615
8306
2410
4193
3729
2785
3541
2391
2041
7032
8914
2814
9805
9308
7205
2075
6574
4018
8932
7810
2039
0196
9752
6754
9420
4506
5709
0192
1056
3816
7496
0273
3675
5439
3564
1253
4810
0293
7138
8534
8634
0458
8304
0416
6985
2931
7190
6071
0498
5347
4923
4283
6158
1452
5827
7840
2351
3264
3980
4820
1639
7690
8036
8631
0637
3965
7946
6024
2953
8695
4685
0973
1946
8402
5270
3295
7632
2486
4852
6291
2451
0589
4270
9548
3785
4182
8651
4208
8093
8760
1684
2057
1294
0682
8137
7281
7063
9456
2835
4596
4069
0217
8024
3251
6279
1672
8439
4369
3029
1893
9814
6412
9564
7016
8421
1854
5786
3167
9425
9631
0216
1429
2306
5468
3741
7593
7920
1078
4023
2581
6421
0592
9073
6230
9741
8962
0532
9504
1632
6532
4397
2547
2548
7653
9731
8037
7582
0764
2640
4521
9268
